# WaveFront *.obj file (generated by Cheetah3D)

mtllib Maze.mtl

g Labyrinth
v -2.981924 1.111393 3.017938
v -3.036168 1.031195 3.072573
v -3.073317 1.031195 1.016137
v -2.996330 1.111393 1.015583
v -3.087608 0.546393 3.124385
v -3.146326 0.546393 1.016662
v -2.992291 -0.015913 3.028380
v -3.011044 -0.015913 1.015689
v -2.981924 -0.018607 3.017938
v -2.996330 -0.018607 1.015583
v -2.927681 0.061591 2.963303
v -2.919343 0.061591 1.015029
v -2.876240 0.546393 2.911491
v -2.846334 0.546393 1.014504
v -2.971557 1.108699 3.007496
v -2.981616 1.108699 1.015477
v 0.014405 1.111393 3.017938
v 0.014405 1.031195 3.094927
v 0.014405 0.546393 3.167938
v 0.014405 -0.015913 3.032652
v 0.014405 -0.018607 3.017938
v 0.014405 0.061591 2.940948
v 0.014405 0.546393 2.867938
v 0.014405 1.108699 3.003224
v 2.996330 1.111393 3.003532
v 3.051032 1.031195 3.057708
v 1.009496 1.031195 3.109324
v 1.008380 1.111393 3.032343
v 3.102907 0.546393 3.109084
v 1.010554 0.546393 3.182328
v 3.006784 -0.015913 3.013886
v 1.008594 -0.015913 3.047056
v 2.996330 -0.018607 3.003532
v 1.008380 -0.018607 3.032343
v 2.941628 0.061591 2.949357
v 1.007265 0.061591 2.955362
v 2.889752 0.546393 2.897980
v 1.006207 0.546393 2.882359
v 2.985875 1.108699 2.993178
v 1.008167 1.108699 3.017631
v 3.025141 1.111393 -2.974721
v 3.079777 1.031195 -3.028964
v 3.131589 0.546393 -3.080404
v 3.035583 -0.015913 -2.985088
v 3.025141 -0.018607 -2.974721
v 2.970505 0.061591 -2.920479
v 2.918693 0.546393 -2.869039
v 3.014699 1.108699 -2.964355
v -2.981924 1.111393 -2.989127
v -3.036167 1.031195 -3.043763
v -3.087606 0.546393 -3.095576
v -2.992291 -0.015913 -2.999569
v -2.981924 -0.018607 -2.989127
v -2.927682 0.061591 -2.934491
v -2.876242 0.546393 -2.882678
v -2.971557 1.108699 -2.978685
v -2.996330 1.111393 -0.007203
v -3.073318 1.031195 -0.007575
v -3.146328 0.546393 -0.007927
v -3.011044 -0.015913 -0.007274
v -2.996330 -0.018607 -0.007203
v -2.919341 0.061591 -0.006831
v -2.846332 0.546393 -0.006478
v -2.981616 1.108699 -0.007132
v -0.993975 1.111393 2.009558
v -0.939925 1.031195 2.064385
v -0.931399 1.031195 3.019038
v -1.008380 1.111393 3.017938
v -0.888669 0.546393 2.116379
v -0.858396 0.546393 3.020081
v -0.983645 -0.015913 2.020036
v -0.993668 -0.015913 3.018148
v -0.993975 -0.018607 2.009558
v -1.008380 -0.018607 3.017938
v -1.048024 0.061591 1.954731
v -1.085362 0.061591 3.016838
v -1.099281 0.546393 1.902737
v -1.158365 0.546393 3.015795
v -1.004305 1.108699 1.999079
v -1.023093 1.108699 3.017728
v 0.993975 1.111393 2.009558
v 1.048024 1.031195 2.064385
v 1.099281 0.546393 2.116379
v 1.004305 -0.015913 2.020036
v 0.993975 -0.018607 2.009558
v 0.939925 0.061591 1.954731
v 0.888669 0.546393 1.902737
v 0.983645 1.108699 1.999079
v 1.008380 1.111393 1.001177
v 1.063207 1.031195 0.947128
v 1.115201 0.546393 0.895872
v 1.018859 -0.015913 0.990848
v 1.008380 -0.018607 1.001177
v 0.953553 0.061591 1.055227
v 0.901559 0.546393 1.106483
v 0.997902 1.108699 1.011507
v -1.987950 1.111393 1.001177
v -2.042389 1.031195 0.946738
v -2.094016 0.546393 0.895111
v -1.998354 -0.015913 0.990773
v -1.987950 -0.018607 1.001177
v -1.933510 0.061591 1.055617
v -1.881884 0.546393 1.107243
v -1.977545 1.108699 1.011582
v -1.987950 1.111393 2.009558
v -2.064939 1.031195 2.009558
v -2.137950 0.546393 2.009558
v -2.002664 -0.015913 2.009558
v -1.987950 -0.018607 2.009558
v -1.910960 0.061591 2.009558
v -1.837950 0.546393 2.009558
v -1.973235 1.108699 2.009558
v 2.002355 1.111393 1.001177
v 2.056795 1.031195 1.055617
v 1.022786 1.031195 1.078167
v 1.022786 1.111393 1.001177
v 2.108421 0.546393 1.107244
v 1.022786 0.546393 1.151177
v 2.012760 -0.015913 1.011582
v 1.022786 -0.015913 1.015892
v 2.002355 -0.018607 1.001177
v 1.022786 -0.018607 1.001177
v 1.947915 0.061591 0.946738
v 1.022786 0.061591 0.924188
v 1.896289 0.546393 0.895111
v 1.022786 0.546393 0.851177
v 1.991951 1.108699 0.990773
v 1.022786 1.108699 0.986463
v 2.002355 1.111393 -1.995152
v 2.056696 1.031195 -2.049690
v 2.108230 0.546393 -2.101409
v 2.012741 -0.015913 -2.005575
v 2.002355 -0.018607 -1.995152
v 1.948014 0.061591 -1.940614
v 1.896481 0.546393 -1.888895
v 1.991969 1.108699 -1.984729
v -1.987950 1.111393 -1.980747
v -2.042487 1.031195 -2.035088
v -2.094207 0.546393 -2.086621
v -1.998373 -0.015913 -1.991133
v -1.987950 -0.018607 -1.980747
v -1.933412 0.061591 -1.926406
v -1.881692 0.546393 -1.874872
v -1.977526 1.108699 -1.970361
v -1.987950 1.111393 -1.001177
v -2.064939 1.031195 -1.001177
v -2.137950 0.546393 -1.001177
v -2.002664 -0.015913 -1.001177
v -1.987950 -0.018607 -1.001177
v -1.910960 0.061591 -1.001177
v -1.837950 0.546393 -1.001177
v -1.973235 1.108699 -1.001177
v 0.993975 1.111393 -1.001177
v 1.070956 1.031195 -1.002293
v 1.099767 1.031195 0.985656
v 1.022786 1.111393 0.986772
v 1.143959 0.546393 -1.003351
v 1.172770 0.546393 0.984598
v 1.008687 -0.015913 -1.001391
v 1.037498 -0.015913 0.986559
v 0.993975 -0.018607 -1.001177
v 1.022786 -0.018607 0.986772
v 0.916994 0.061591 -1.000062
v 0.945804 0.061591 0.987888
v 0.843991 0.546393 -0.999004
v 0.872801 0.546393 0.988946
v 0.979262 1.108699 -1.000964
v 1.008073 1.108699 0.986985
v 0.000000 1.111393 -0.986772
v -0.054440 1.031195 -0.932332
v -0.993975 1.031195 -0.909783
v -0.993975 1.111393 -0.986772
v -0.106066 0.546393 -0.880706
v -0.993975 0.546393 -0.836772
v -0.010404 -0.015913 -0.976368
v -0.993975 -0.015913 -0.972058
v 0.000000 -0.018607 -0.986772
v -0.993975 -0.018607 -0.986772
v 0.054440 0.061591 -1.041212
v -0.993975 0.061591 -1.063761
v 0.106066 0.546393 -1.092838
v -0.993975 0.546393 -1.136772
v 0.010404 1.108699 -0.997176
v -0.993975 1.108699 -1.001486
v 0.000000 1.111393 1.001177
v -0.076989 1.031195 1.001177
v -0.150000 0.546393 1.001177
v -0.014714 -0.015913 1.001177
v 0.000000 -0.018607 1.001177
v 0.076989 0.061591 1.001177
v 0.150000 0.546393 1.001177
v 0.014714 1.108699 1.001177
v 2.002355 1.111393 2.009558
v 2.079336 1.031195 2.010724
v 2.064930 1.031195 2.961483
v 1.987950 1.111393 2.960316
v 2.152338 0.546393 2.011830
v 2.137933 0.546393 2.962589
v 2.017068 -0.015913 2.009781
v 2.002662 -0.015913 2.960539
v 2.002355 -0.018607 2.009558
v 1.987950 -0.018607 2.960316
v 1.925375 0.061591 2.008391
v 1.910969 0.061591 2.959150
v 1.852372 0.546393 2.007285
v 1.837967 0.546393 2.958044
v 1.987643 1.108699 2.009335
v 1.973237 1.108699 2.960093
v -2.016761 1.111393 -0.021608
v -2.014463 1.031195 0.055347
v -2.979627 1.031195 0.084158
v -2.981924 1.111393 0.007203
v -2.012285 0.546393 0.128325
v -2.977449 0.546393 0.157136
v -2.016322 -0.015913 -0.006901
v -2.981485 -0.015913 0.021910
v -2.016761 -0.018607 -0.021608
v -2.981924 -0.018607 0.007203
v -2.019058 0.061591 -0.098563
v -2.984221 0.061591 -0.069752
v -2.021236 0.546393 -0.171541
v -2.986400 0.546393 -0.142731
v -2.017200 1.108699 -0.036316
v -2.982363 1.108699 -0.007505
v -3.000000 0.000000 -3.000000
v 3.000000 0.000000 -3.000000
v 3.000000 0.000000 3.000000
v -3.000000 0.000000 3.000000

f 4 3 2 1
f 3 6 5 2
f 6 8 7 5
f 8 10 9 7
f 10 12 11 9
f 12 14 13 11
f 14 16 15 13
f 16 4 1 15
f 1 2 18 17
f 2 5 19 18
f 5 7 20 19
f 7 9 21 20
f 9 11 22 21
f 11 13 23 22
f 13 15 24 23
f 15 1 17 24
f 3 4 16
f 24 17 18
f 3 16 14
f 23 24 18
f 6 3 14
f 23 18 19
f 8 6 14
f 23 19 20
f 8 14 12
f 22 23 20
f 8 12 10
f 21 22 20
f 28 27 26 25
f 27 30 29 26
f 30 32 31 29
f 32 34 33 31
f 34 36 35 33
f 36 38 37 35
f 38 40 39 37
f 40 28 25 39
f 25 26 42 41
f 26 29 43 42
f 29 31 44 43
f 31 33 45 44
f 33 35 46 45
f 35 37 47 46
f 37 39 48 47
f 39 25 41 48
f 41 42 50 49
f 42 43 51 50
f 43 44 52 51
f 44 45 53 52
f 45 46 54 53
f 46 47 55 54
f 47 48 56 55
f 48 41 49 56
f 49 50 58 57
f 50 51 59 58
f 51 52 60 59
f 52 53 61 60
f 53 54 62 61
f 54 55 63 62
f 55 56 64 63
f 56 49 57 64
f 27 28 40
f 64 57 58
f 27 40 38
f 63 64 58
f 30 27 38
f 63 58 59
f 32 30 38
f 63 59 60
f 32 38 36
f 62 63 60
f 32 36 34
f 61 62 60
f 68 67 66 65
f 67 70 69 66
f 70 72 71 69
f 72 74 73 71
f 74 76 75 73
f 76 78 77 75
f 78 80 79 77
f 80 68 65 79
f 65 66 82 81
f 66 69 83 82
f 69 71 84 83
f 71 73 85 84
f 73 75 86 85
f 75 77 87 86
f 77 79 88 87
f 79 65 81 88
f 81 82 90 89
f 82 83 91 90
f 83 84 92 91
f 84 85 93 92
f 85 86 94 93
f 86 87 95 94
f 87 88 96 95
f 88 81 89 96
f 89 90 98 97
f 90 91 99 98
f 91 92 100 99
f 92 93 101 100
f 93 94 102 101
f 94 95 103 102
f 95 96 104 103
f 96 89 97 104
f 97 98 106 105
f 98 99 107 106
f 99 100 108 107
f 100 101 109 108
f 101 102 110 109
f 102 103 111 110
f 103 104 112 111
f 104 97 105 112
f 67 68 80
f 112 105 106
f 67 80 78
f 111 112 106
f 70 67 78
f 111 106 107
f 72 70 78
f 111 107 108
f 72 78 76
f 110 111 108
f 72 76 74
f 109 110 108
f 116 115 114 113
f 115 118 117 114
f 118 120 119 117
f 120 122 121 119
f 122 124 123 121
f 124 126 125 123
f 126 128 127 125
f 128 116 113 127
f 113 114 130 129
f 114 117 131 130
f 117 119 132 131
f 119 121 133 132
f 121 123 134 133
f 123 125 135 134
f 125 127 136 135
f 127 113 129 136
f 129 130 138 137
f 130 131 139 138
f 131 132 140 139
f 132 133 141 140
f 133 134 142 141
f 134 135 143 142
f 135 136 144 143
f 136 129 137 144
f 137 138 146 145
f 138 139 147 146
f 139 140 148 147
f 140 141 149 148
f 141 142 150 149
f 142 143 151 150
f 143 144 152 151
f 144 137 145 152
f 115 116 128
f 152 145 146
f 115 128 126
f 151 152 146
f 118 115 126
f 151 146 147
f 120 118 126
f 151 147 148
f 120 126 124
f 150 151 148
f 120 124 122
f 149 150 148
f 156 155 154 153
f 155 158 157 154
f 158 160 159 157
f 160 162 161 159
f 162 164 163 161
f 164 166 165 163
f 166 168 167 165
f 168 156 153 167
f 155 156 168
f 167 153 154
f 155 168 166
f 165 167 154
f 158 155 166
f 165 154 157
f 160 158 166
f 165 157 159
f 160 166 164
f 163 165 159
f 160 164 162
f 161 163 159
f 172 171 170 169
f 171 174 173 170
f 174 176 175 173
f 176 178 177 175
f 178 180 179 177
f 180 182 181 179
f 182 184 183 181
f 184 172 169 183
f 169 170 186 185
f 170 173 187 186
f 173 175 188 187
f 175 177 189 188
f 177 179 190 189
f 179 181 191 190
f 181 183 192 191
f 183 169 185 192
f 171 172 184
f 192 185 186
f 171 184 182
f 191 192 186
f 174 171 182
f 191 186 187
f 176 174 182
f 191 187 188
f 176 182 180
f 190 191 188
f 176 180 178
f 189 190 188
f 196 195 194 193
f 195 198 197 194
f 198 200 199 197
f 200 202 201 199
f 202 204 203 201
f 204 206 205 203
f 206 208 207 205
f 208 196 193 207
f 195 196 208
f 207 193 194
f 195 208 206
f 205 207 194
f 198 195 206
f 205 194 197
f 200 198 206
f 205 197 199
f 200 206 204
f 203 205 199
f 200 204 202
f 201 203 199
f 212 211 210 209
f 211 214 213 210
f 214 216 215 213
f 216 218 217 215
f 218 220 219 217
f 220 222 221 219
f 222 224 223 221
f 224 212 209 223
f 211 212 224
f 223 209 210
f 211 224 222
f 221 223 210
f 214 211 222
f 221 210 213
f 216 214 222
f 221 213 215
f 216 222 220
f 219 221 215
f 216 220 218
f 217 219 215
f 228 227 226 225

